age_category,pixel_0,pixel_1,pixel_2,pixel_3,pixel_4,pixel_5,pixel_6,pixel_7,pixel_8,pixel_9,pixel_10,pixel_11,pixel_12,pixel_13,pixel_14,pixel_15,pixel_16,pixel_17
0,0.013377777777183209,0.023422222221181233,0.00924444444403358,0.014977777777112098,0.014666666666014815,0.048888888886716046,0.0557333333308563,0.12431111110558617,0.1690666666591526,0.20711111110190616,0.06399999999715555,0.05297777777542321,0.023377777776738766,0.030711111109746173,0.017155555554793086,0.007822222221874568,0.07293333333009185,0.05022222221999012
0,0.06546666666375704,0.041911111109248396,0.02368888888783605,0.03199999999857778,0.026399999998826668,0.03808888888719605,0.04844444444229136,0.07835555555207309,0.09128888888483161,0.08422222221847901,0.04875555555338864,0.04168888888703605,0.032311111109675064,0.038399999998293334,0.03248888888744494,0.02666666666548148,0.0905777777737521,0.1592444444373669
0,0.027422222221003455,0.03151111110971062,0.012888888888316049,0.021822222221252345,0.022444444443446912,0.04599999999795556,0.060266666663988146,0.12502222221666567,0.15413333332648296,0.13808888888275161,0.06311111110830617,0.051333333331051854,0.031155555554170863,0.03333333333185185,0.022355555554561975,0.014222222221590123,0.056355555553050864,0.08853333332939851
0,0.0761777777743921,0.03951111110935506,0.02835555555429531,0.031555555554153084,0.028711111109835062,0.0371555555539042,0.047599999997884446,0.07382222221894123,0.08471111110734617,0.07679999999658667,0.046533333331265185,0.0371555555539042,0.029644444443126913,0.03835555555385086,0.03399999999848889,0.029422222220914566,0.09377777777360988,0.16671111110370174
0,0.06875555555249975,0.04444444444246914,0.024444444443358023,0.030533333331976296,0.02671111110992395,0.03906666666493037,0.04715555555345975,0.08226666666301037,0.09088888888484938,0.0851111111073284,0.048488888886733826,0.038222222220523454,0.028711111109835062,0.03711111110946173,0.03288888888742716,0.027999999998755555,0.0925777777736632,0.15462222221535013
0,0.055555555553086416,0.03422222222070123,0.019911111110226174,0.030533333331976296,0.029244444443144692,0.04502222222022123,0.05582222221974124,0.0941777777735921,0.09835555555118419,0.0996444444400158,0.05533333333087408,0.04728888888678716,0.029511111109799506,0.034577777776240985,0.031822222220807904,0.023377777776738766,0.08124444444083358,0.1343555555495842
0,0.06617777777483654,0.040177777775992095,0.02208888888790716,0.02835555555429531,0.027555555554330865,0.042799999998097776,0.05364444444206025,0.08257777777410766,0.08897777777382321,0.08657777777392987,0.05199999999768889,0.044088888886929384,0.032044444443020244,0.035822222220630126,0.03142222222082568,0.021377777776827655,0.089999999996,0.15431111110425283
0,0.05959999999735111,0.0348444444428958,0.019777777776898764,0.026888888887693828,0.02617777777661432,0.03866666666494815,0.04777777777565432,0.07555555555219753,0.08088888888529383,0.09555555555130864,0.0522666666643437,0.04013333333154963,0.031111111109728393,0.039199999998257774,0.02786666666542815,0.020755555554633084,0.14017777777154766,0.14275555554921085
0,0.0012888888888316049,0.011022222221732346,8.888888888493826e-05,0.0017333333332562964,0.0010222222221767901,0.08031111110754173,0.012933333332758519,0.11257777777277432,0.13359999999406222,0.29119999998705776,0.043911111109159504,0.06066666666397037,0.0028444444443180244,0.07111111110795061,0.0012888888888316049,0.0,0.1571111111041284,0.017288888888120493
0,0.008577777777396543,0.0210222222212879,0.00462222222201679,0.007866666666317038,0.006933333333025185,0.05306666666430815,0.03364444444294914,0.09995555555111309,0.13124444443861136,0.2079111111018706,0.04835555555340642,0.046044444442398025,0.015599999999306667,0.045066666664663704,0.011955555555024198,0.006799999999697778,0.2067999999908089,0.04453333333135407
0,0.009955555555113087,0.023377777776738766,0.006622222221927901,0.009999999999555555,0.010888888888404938,0.052133333331016295,0.03906666666493037,0.13111111110528395,0.1852888888806538,0.22226666665678815,0.0682666666636326,0.05813333333074963,0.018399999999182223,0.03697777777613432,0.011288888888387161,0.005377777777538765,0.06839999999696,0.04244444444255802
0,0.06266666666388149,0.041822222220363456,0.02097777777684543,0.03031111110976395,0.026266666665499257,0.040355555553761975,0.053777777775387656,0.08977777777378765,0.10026666666221037,0.08844444444051358,0.050755555553299754,0.03942222222047012,0.031644444443038024,0.03706666666501926,0.032799999998542224,0.023555555554508643,0.08239999999633778,0.14768888888232493
0,0.10786666666187258,0.046844444442362465,0.03151111110971062,0.036622222220594566,0.029199999998702222,0.028044444443198025,0.03315555555408198,0.04111111110928395,0.04351111110917728,0.04666666666459259,0.03235555555411753,0.030177777776436543,0.03257777777632988,0.04031111110931951,0.039377777776027655,0.03226666666523259,0.1275999999943289,0.22079999999018665
0,0.005333333333096296,0.015511111110421728,0.005377777777538765,0.009866666666228149,0.007999999999644444,0.04297777777586766,0.040355555553761975,0.1507555555488553,0.229644444434238,0.23666666665614813,0.07164444444126025,0.052622222219883455,0.014799999999342221,0.03026666666532148,0.006755555555255309,0.004577777777574321,0.044577777775796544,0.03026666666532148
0,0.007022222221910123,0.015555555554864197,0.0064888888886004935,0.009066666666263703,0.00875555555516642,0.05315555555319309,0.03528888888732049,0.1320444444385758,0.19804444443564245,0.24079999998929777,0.05613333333083852,0.051733333331034075,0.015688888888191605,0.039955555553779755,0.009822222221785679,0.005999999999733333,0.08328888888518717,0.031155555554170863
0,0.01439999999936,0.025022222221110123,0.005911111110848395,0.009111111110706173,0.009022222221821235,0.04822222222007901,0.03137777777638321,0.08391111110738173,0.12155555555015309,0.22035555554576197,0.04502222222022123,0.04208888888701827,0.016266666665943702,0.03826666666496593,0.012711111110546172,0.007333333333007407,0.20857777776850764,0.060844444441740246
0,0.011022222221732346,0.02155555555459753,0.009644444444015802,0.011022222221732346,0.010311111110652839,0.041244444442611355,0.041822222220363456,0.14395555554915754,0.2129777777683121,0.2208888888790716,0.06688888888591604,0.05266666666432593,0.019288888888031604,0.029111111109817282,0.010933333332847408,0.007999999999644444,0.044666666664681484,0.043999999998044444
0,0.007822222221874568,0.01804444444364247,0.006266666666388148,0.012177777777236543,0.015733333332634075,0.04484444444245136,0.050088888886662714,0.1354666666606459,0.25106666665550814,0.2069333333241363,0.061422222219492346,0.04373333333138963,0.0185777777769521,0.02773333333210074,0.010533333332865186,0.004888888888671605,0.04933333333114074,0.035333333331762966
0,0.006133333333060741,0.015511111110421728,0.006088888888618272,0.009466666666245925,0.009066666666263703,0.04915555555337087,0.03817777777608099,0.13359999999406222,0.23964444443379357,0.22324444443452246,0.055155555553104196,0.03684444444280691,0.014666666666014815,0.03244444444300247,0.010622222221750124,0.007288888888564938,0.08324444444074469,0.029644444443126913
0,0.04728888888678716,0.03248888888744494,0.017155555554793086,0.02715555555434864,0.029733333332011853,0.04484444444245136,0.061333333330607406,0.1038222222176079,0.1213777777723832,0.10777777777298765,0.05924444444181136,0.04657777777570765,0.03266666666521482,0.03208888888746272,0.027333333332118518,0.01853333333250963,0.0702666666635437,0.12031111110576395
0,0.01804444444364247,0.029555555554241976,0.008355555555184198,0.01284444444387358,0.012711111110546172,0.056844444441918024,0.043599999998062224,0.1182222222169679,0.12115555555017087,0.18742222221389235,0.057333333330785184,0.062133333330571854,0.021199999999057778,0.04551111110908839,0.016844444443695802,0.011955555555024198,0.10764444443966024,0.06862222221917234
0,0.012222222221679012,0.026799999998808888,0.007777777777432098,0.011111111110617284,0.010577777777307654,0.05364444444206025,0.03431111110958617,0.10648888888415604,0.14688888888236049,0.2046222222131279,0.05671111110859062,0.05439999999758222,0.018844444443606913,0.045377777775760984,0.01395555555493531,0.010355555555095309,0.13066666666085927,0.055244444441989136
0,0.0021333333332385187,0.011911111110581728,0.0025777777776632097,0.003955555555379753,0.0035555555553975307,0.0629333333305363,0.023022222221199012,0.11151111110615507,0.23435555554513976,0.25355555554428644,0.04942222222002568,0.043911111109159504,0.009866666666228149,0.0473777777756721,0.006044444444175802,0.002311111111008395,0.11191111110613729,0.019644444443571357
0,0.005866666666405926,0.018755555554721973,0.008311111110741728,0.010933333332847408,0.010311111110652839,0.0378666666649837,0.04164444444259358,0.14004444443822026,0.282222222209679,0.2125333333238874,0.05604444444195358,0.04004444444266469,0.016355555554828642,0.025822222221074567,0.010799999999519999,0.006933333333025185,0.042222222220345676,0.033288888887409385
0,0.02711111110990617,0.025911111109959507,0.012666666666103703,0.018088888888084936,0.0185777777769521,0.042799999998097776,0.05711111110857284,0.1310666666608415,0.17417777777003654,0.16484444443711802,0.06346666666384593,0.04728888888678716,0.021911111110137285,0.030622222220861233,0.01751111111033284,0.014533333332687408,0.05697777777524543,0.07533333332998518
0,0.009555555555130863,0.025777777776632097,0.01084444444396247,0.01542222222153679,0.012488888888333827,0.04431111110914173,0.04599999999795556,0.13511111110510618,0.2316888888785916,0.19648888888015606,0.06671111110814618,0.04533333333131852,0.02213333333234963,0.026266666665499257,0.014488888888244938,0.009999999999555555,0.045155555553548644,0.042222222220345676
0,0.009955555555113087,0.0204444444435358,0.007822222221874568,0.011733333332811851,0.011644444443926913,0.044666666664681484,0.04462222222023901,0.14164444443814914,0.22577777776774322,0.2089777777684899,0.061733333330589626,0.04688888888680494,0.018622222221394567,0.02982222222089679,0.011422222221714568,0.008133333332971851,0.052533333330998515,0.04355555555361975
0,0.00462222222201679,0.013999999999377778,0.004177777777592099,0.008622222221839013,0.008399999999626666,0.03479999999845333,0.045066666664663704,0.16515555554821532,0.2711111110990617,0.23924444443381135,0.06208888888612938,0.04293333333142518,0.014088888888262716,0.018711111110279507,0.008888888888493826,0.00511111111088395,0.026577777776596544,0.026399999998826668
0,0.008044444444086913,0.021377777776827655,0.008488888888511605,0.01231111111056395,0.01395555555493531,0.04746666666455704,0.04919999999781333,0.13675555554947752,0.2273777777676721,0.21244444443500246,0.07093333333018075,0.05404444444204247,0.01951111111024395,0.027511111109888395,0.011688888888369383,0.007422222221892346,0.0335555555540642,0.037911111109426174
0,0.012177777777236543,0.01955555555468642,0.008399999999626666,0.014488888888244938,0.014044444443820246,0.04066666666485926,0.04813333333119407,0.14524444443798915,0.22555555554553086,0.20182222221325236,0.06008888888621827,0.04733333333122963,0.0221777777767921,0.02875555555427753,0.013555555554953086,0.0075999999996622224,0.048577777775618766,0.041822222220363456
0,0.02142222222127012,0.03666666666503704,0.008933333332936296,0.015288888888209383,0.016088888888173825,0.042711111109212836,0.054666666664237036,0.1291555555498153,0.17373333332561186,0.1612888888817205,0.06377777777494321,0.045466666664645924,0.02613333333217185,0.03035555555420642,0.02146666666571259,0.014577777777129876,0.06337777777496098,0.07488888888556049
0,0.002933333333202963,0.013199999999413334,0.004222222222034568,0.0073777777774498765,0.007733333332989629,0.041911111109248396,0.034266666665143705,0.1333333333274074,0.28053333332086516,0.24537777776687208,0.059777777775120985,0.039466666664912595,0.013377777777183209,0.026799999998808888,0.006399999999715555,0.0033777777776276543,0.05546666666420148,0.024444444443358023
0,0.0179999999992,0.024844444443340247,0.008622222221839013,0.013777777777165432,0.01755555555477531,0.04431111110914173,0.05511111110866173,0.13257777777188542,0.20457777776868544,0.18191111110302616,0.06413333333048296,0.047422222220114565,0.025333333332207407,0.03039999999864889,0.014755555554899753,0.010355555555095309,0.047511111108999506,0.058799999997386665
0,0.010933333332847408,0.02004444444355358,0.008088888888529383,0.0138222222216079,0.013466666666068147,0.04542222222020346,0.048666666664503706,0.1393777777715832,0.22026666665687702,0.2118222222128079,0.0627999999972089,0.04186666666480592,0.02155555555459753,0.023288888887853826,0.014088888888262716,0.011155555555059753,0.05035555555331753,0.04297777777586766
0,0.012666666666103703,0.014977777777112098,0.008444444444069136,0.01333333333274074,0.015777777777076542,0.04213333333146074,0.06186666666391703,0.16088888888173827,0.23062222221197234,0.1895111111026884,0.06573333333041186,0.04364444444250469,0.02106666666573037,0.020711111110190618,0.01279999999943111,0.009022222221821235,0.03364444444294914,0.04315555555363753
0,0.01697777777702321,0.02559999999886222,0.010177777777325432,0.017866666665872593,0.016266666665943702,0.04111111110928395,0.051244444442166914,0.13137777777193876,0.18284444443631803,0.18795555554720197,0.06395555555271308,0.04884444444227358,0.02573333333218963,0.029733333332011853,0.020888888887960495,0.009377777777360987,0.05484444444200691,0.06519999999710221
0,0.011644444443926913,0.022355555554561975,0.009466666666245925,0.015599999999306667,0.01902222222137679,0.04453333333135407,0.06159999999726222,0.13511111110510618,0.22373333332338963,0.18324444443630025,0.07604444444106469,0.048977777775600986,0.028444444443180245,0.020844444443518025,0.013288888888298272,0.006444444444158024,0.03431111110958617,0.04533333333131852
0,0.0010222222221767901,0.016755555554810862,0.0007111111110795061,0.002977777777645432,0.0017333333332562964,0.07782222221876346,0.018266666665854813,0.1239999999944889,0.12608888888328493,0.27386666665449483,0.05497777777533432,0.06644444444149136,0.005422222221981235,0.06257777777499654,0.0027999999998755557,0.0015999999999288888,0.1418666666603615,0.02106666666573037
0,0.031733333331922964,0.026755555554366418,0.014622222221572346,0.02471111111001284,0.027022222221021235,0.04577777777574321,0.06088888888618271,0.1159111111059595,0.15128888888216493,0.13182222221636344,0.06613333333039408,0.04822222222007901,0.03257777777632988,0.030933333331958517,0.023955555554490863,0.014266666666032593,0.06426666666381037,0.08911111110715061
0,0.00511111111088395,0.01893333333249185,0.006977777777467655,0.011244444443944691,0.011733333332811851,0.040177777775992095,0.04355555555361975,0.13888888888271606,0.2723999999878933,0.22386666665671703,0.06306666666386371,0.04106666666484148,0.01955555555468642,0.022266666665677035,0.011644444443926913,0.008799999999608888,0.028488888887622715,0.032222222220790124
0,0.09782222221787457,0.04311111110919506,0.030177777776436543,0.03493333333178074,0.02782222222098568,0.034088888887373825,0.04151111110926617,0.058799999997386665,0.0678222222192079,0.05862222221961679,0.04022222222043457,0.03315555555408198,0.030577777776418767,0.0365777777761521,0.03511111110955062,0.030711111109746173,0.10835555555073975,0.19057777776930765
0,0.060844444441740246,0.03933333333158519,0.024888888887782717,0.03399999999848889,0.03079999999863111,0.037911111109426174,0.053111111108750615,0.08035555555198419,0.10088888888440493,0.08595555555173531,0.059288888886253825,0.04608888888684049,0.03835555555385086,0.036311111109497286,0.03217777777634765,0.02364444444339358,0.0737333333300563,0.14231111110478617
0,0.06457777777490765,0.0365777777761521,0.022533333332331852,0.03128888888749827,0.028933333332047406,0.04395555555360198,0.048577777775618766,0.07817777777430321,0.08173333332970074,0.08551111110731062,0.04831111110896395,0.03737777777611654,0.02928888888758716,0.041244444442611355,0.030177777776436543,0.02573333333218963,0.11848888888362272,0.14751111110455506
0,0.028666666665392592,0.027511111109888395,0.00973333333290074,0.019866666665783704,0.019688888888013827,0.03893333333160296,0.04955555555335309,0.09306666666253037,0.11453333332824296,0.13386666666071703,0.05142222221993679,0.03853333333162074,0.022933333332314072,0.030533333331976296,0.023866666665605926,0.013777777777165432,0.1975555555467753,0.08595555555173531
0,0.06102222221951012,0.052222222219901235,0.014311111110475061,0.026977777776578764,0.02057777777686321,0.0408888888870716,0.044888888886893824,0.07253333333010963,0.07808888888541828,0.08906666666270814,0.0449333333313363,0.03951111110935506,0.02759999999877333,0.04217777777590321,0.03195555555413531,0.018399999999182223,0.1277333333276563,0.16711111110368396
0,0.045155555553548644,0.031644444443038024,0.017244444443678026,0.025955555554401974,0.024266666665588146,0.03999999999822222,0.057333333330785184,0.11555555555041976,0.14511111110466174,0.12373333332783407,0.05857777777517432,0.038977777776045434,0.027377777776560988,0.03151111110971062,0.02768888888765827,0.02168888888792494,0.058711111108501725,0.10946666666180148
0,0.06297777777497876,0.042399999998115556,0.02164444444348247,0.0276444444432158,0.025333333332207407,0.04311111110919506,0.04048888888708938,0.06942222221913678,0.07671111110770172,0.08702222221835457,0.0443555555535842,0.03813333333163852,0.030222222220879013,0.04342222222029234,0.03195555555413531,0.02413333333226074,0.13599999999395557,0.15502222221533235
0,0.023511111110066173,0.02933333333202963,0.013422222221625679,0.02155555555459753,0.02053333333242074,0.04404444444248691,0.05568888888641382,0.12186666666125037,0.17253333332566517,0.16684444443702914,0.07266666666343703,0.04959999999779555,0.028622222220950122,0.02559999999886222,0.01848888888806716,0.01693333333258074,0.04764444444232691,0.07111111110795061
0,0.04062222222041679,0.03737777777611654,0.015244444443766913,0.020355555554650864,0.016844444443695802,0.038888888887160494,0.04902222222004345,0.11386666666160593,0.1523555555487842,0.1470222222156879,0.05448888888646716,0.042711111109212836,0.021199999999057778,0.031022222220843457,0.02315555555452642,0.023955555554490863,0.0727111111078795,0.09915555555114865
0,0.03324444444296691,0.037422222220559014,0.01439999999936,0.020266666665765924,0.01697777777702321,0.037422222220559014,0.05364444444206025,0.12822222221652346,0.1798666666586726,0.14004444443822026,0.05315555555319309,0.03724444444278913,0.021288888887942715,0.031066666665285927,0.022755555554544196,0.021822222221252345,0.059288888886253825,0.0918666666625837
0,0.044977777775778764,0.04942222222002568,0.016711111110368396,0.019733333332456297,0.01648888888815605,0.033599999998506665,0.04746666666455704,0.11079999999507556,0.15635555554860642,0.13288888888298273,0.05275555555321086,0.03511111110955062,0.021599999999039998,0.026755555554366418,0.025822222221074567,0.0341333333318163,0.0655111111081995,0.1098666666617837
0,0.05004444444222025,0.035822222220630126,0.018311111110297283,0.029022222220932346,0.023333333332296296,0.04519999999799111,0.05439999999758222,0.09813333332897185,0.10502222221755457,0.1079999999952,0.05431111110869728,0.045066666664663704,0.029511111109799506,0.03675555555392197,0.028444444443180245,0.02093333333240296,0.0851111111073284,0.13257777777188542
0,0.0492444444422558,0.03893333333160296,0.016399999999271112,0.027466666665445925,0.026311111109941727,0.04568888888685827,0.05542222221975901,0.09551111110686618,0.10071111110663505,0.10448888888424494,0.051822222219919015,0.04648888888682272,0.030577777776418767,0.037733333331656294,0.02933333333202963,0.023333333332296296,0.08746666666277926,0.1330666666607526
0,0.004399999999804444,0.018355555554739753,0.004399999999804444,0.006355555555273086,0.008133333332971851,0.05159999999770667,0.04666666666459259,0.14826666666007704,0.22079999999018665,0.22457777776779653,0.06862222221917234,0.04995555555333531,0.015333333332651852,0.03333333333185185,0.008622222221839013,0.005688888888636049,0.05146666666437926,0.03342222222073679
0,0.008844444444051358,0.01906666666581926,0.004444444444246913,0.010355555555095309,0.009999999999555555,0.04697777777568988,0.051155555553281974,0.14208888888257382,0.1963999999912711,0.22328888887896495,0.0689777777747121,0.0547111111086795,0.017199999999235556,0.03266666666521482,0.011999999999466666,0.004222222222034568,0.054577777775352096,0.04302222222031012
0,0.032133333331905184,0.039466666664912595,0.01653333333259852,0.022577777776774322,0.019777777776898764,0.04066666666485926,0.051333333331051854,0.10413333332870518,0.13377777777183208,0.1278666666609837,0.05533333333087408,0.041999999998133336,0.030711111109746173,0.03444444444291358,0.024311111110030616,0.023288888887853826,0.10506666666199703,0.09657777777348543
0,0.04364444444250469,0.03293333333186963,0.014488888888244938,0.021111111110172838,0.01848888888806716,0.041911111109248396,0.051822222219919015,0.10528888888420938,0.12968888888312494,0.14724444443790025,0.05648888888637827,0.04919999999781333,0.02608888888772938,0.0348444444428958,0.026488888887711604,0.01902222222137679,0.0784888888854005,0.10275555555098864
0,0.017111111110350616,0.023911111110048396,0.012177777777236543,0.017377777777005433,0.017822222221430123,0.04022222222043457,0.05235555555322864,0.12417777777225876,0.1970222222134657,0.18595555554729087,0.06715555555257087,0.04715555555345975,0.026444444443269134,0.027511111109888395,0.01693333333258074,0.00973333333290074,0.05835555555296197,0.05857777777517432
0,0.005866666666405926,0.01599999999928889,0.003333333333185185,0.007733333332989629,0.008355555555184198,0.04879999999783111,0.046933333331247405,0.14146666666037927,0.1959999999912889,0.24173333332258962,0.06671111110814618,0.056444444441935804,0.016088888888173825,0.03422222222070123,0.00719999999968,0.0025333333332207405,0.06764444444143802,0.03293333333186963
0,0.011244444443944691,0.020755555554633084,0.0064888888886004935,0.012488888888333827,0.0138222222216079,0.0426222222203279,0.04951111110891061,0.12506666666110813,0.188622222213839,0.21373333332383407,0.06297777777497876,0.0462222222201679,0.023466666665623703,0.02622222222105679,0.013199999999413334,0.00719999999968,0.09208888888479605,0.04426666666469926
0,0.008088888888529383,0.01804444444364247,0.005422222221981235,0.010577777777307654,0.010133333332882962,0.043911111109159504,0.041822222220363456,0.12511111110555062,0.21635555554593974,0.19328888888029827,0.05666666666414815,0.045155555553548644,0.017866666665872593,0.030222222220879013,0.010622222221750124,0.006311111110830618,0.120222222216879,0.040177777775992095
0,0.017688888888102716,0.024266666665588146,0.008933333332936296,0.016622222221483456,0.015466666665979258,0.04097777777595654,0.05893333333071407,0.14062222221597234,0.18524444443621135,0.1853333333250963,0.0696888888857916,0.04853333333117629,0.023022222221199012,0.025866666665517037,0.018311111110297283,0.009688888888458272,0.051155555553281974,0.05964444444179358
0,0.015199999999324445,0.022844444443429136,0.011999999999466666,0.016311111110386172,0.016222222221501235,0.047911111108981726,0.052622222219883455,0.13613333332728297,0.19319999999141332,0.1915111111025995,0.06951111110802173,0.04706666666457481,0.02568888888774716,0.02875555555427753,0.016311111110386172,0.01186666666613926,0.04511111110910617,0.051733333331034075
0,0.06817777777474765,0.039466666664912595,0.02315555555452642,0.030444444443091356,0.026444444443269134,0.04208888888701827,0.051066666664397034,0.07897777777426765,0.08559999999619555,0.08773333332943407,0.051244444442166914,0.04097777777595654,0.030177777776436543,0.03364444444294914,0.03324444444296691,0.024311111110030616,0.09555555555130864,0.15768888888188048
0,0.06217777777501432,0.03257777777632988,0.02364444444339358,0.03244444444300247,0.029955555554224196,0.03991111110933728,0.057911111108537285,0.09511111110688394,0.10488888888422716,0.09039999999598222,0.055955555553068644,0.04066666666485926,0.030088888887551603,0.03151111110971062,0.029244444443144692,0.023866666665605926,0.07999999999644444,0.13964444443823804
0,0.012622222221661235,0.01951111111024395,0.008666666666281481,0.014044444443820246,0.015111111110439506,0.04066666666485926,0.054666666664237036,0.13328888888296495,0.23288888887853826,0.20755555554633087,0.0676888888858805,0.04608888888684049,0.021999999999022222,0.020399999999093334,0.01235555555500642,0.009422222221803457,0.03884444444271802,0.04417777777581432
0,0.02417777777670321,0.02888888888760494,0.01186666666613926,0.02004444444355358,0.01795555555475753,0.052222222219901235,0.04871111110894617,0.11168888888392493,0.1320444444385758,0.18355555554739753,0.06164444444170469,0.05413333333092741,0.02519999999888,0.03733333333167407,0.018622222221394567,0.01391111111049284,0.08546666666286815,0.07253333333010963
0,0.04502222222022123,0.04039999999820444,0.01653333333259852,0.024399999998915557,0.02266666666565926,0.04186666666480592,0.05497777777533432,0.10346666666206815,0.12013333332799407,0.11008888888399605,0.056444444441935804,0.04631111110905284,0.03342222222073679,0.03497777777622321,0.031644444443038024,0.017244444443678026,0.07599999999662223,0.12439999999447111
0,0.10413333332870518,0.051066666664397034,0.03026666666532148,0.032622222220772344,0.02666666666548148,0.031022222220843457,0.03768888888721383,0.0492444444422558,0.052622222219883455,0.05293333333098074,0.03648888888726716,0.03146666666526815,0.029599999998684443,0.03942222222047012,0.0365777777761521,0.033599999998506665,0.12062222221686124,0.20395555554649086
0,0.03306666666519704,0.03511111110955062,0.01906666666581926,0.024311111110030616,0.02106666666573037,0.045466666664645924,0.05435555555313975,0.11377777777272098,0.13386666666071703,0.13706666666057482,0.06586666666373926,0.054666666664237036,0.03373333333183407,0.03471111110956839,0.023955555554490863,0.0185777777769521,0.058222222219634565,0.09311111110697284
0,0.04119999999816889,0.040844444442629135,0.015288888888209383,0.02262222222121679,0.023377777776738766,0.035066666665108145,0.05306666666430815,0.10422222221759012,0.14208888888257382,0.11968888888356938,0.05911111110848395,0.0437777777758321,0.03337777777629432,0.033511111109621725,0.028666666665392592,0.015866666665961482,0.07128888888572049,0.1169333333281363
0,0.05435555555313975,0.0335555555540642,0.020222222221323458,0.028933333332047406,0.026933333332136294,0.04031111110931951,0.05826666666407704,0.09871111110672395,0.11519999999488,0.10266666666210371,0.05768888888632494,0.042488888887000496,0.02928888888758716,0.03324444444296691,0.029244444443144692,0.01893333333249185,0.07946666666313482,0.13048888888308938
0,0.013688888888280494,0.029733333332011853,0.012755555554988642,0.014977777777112098,0.012088888888351605,0.04244444444255802,0.04431111110914173,0.12462222221668345,0.21822222221252346,0.1971555555467931,0.05697777777524543,0.04213333333146074,0.021288888887942715,0.030177777776436543,0.016088888888173825,0.014488888888244938,0.05964444444179358,0.04919999999781333
0,0.06053333333064296,0.04111111110928395,0.018666666665837037,0.028933333332047406,0.024266666665588146,0.04031111110931951,0.05648888888637827,0.08911111110715061,0.11128888888394271,0.09191111110702617,0.052311111108786175,0.039288888887142714,0.027511111109888395,0.03191111110969284,0.029644444443126913,0.024933333332225183,0.08444444444069135,0.1473333333267852
0,0.002977777777645432,0.01604444444373136,0.0007111111110795061,0.0047555555553441976,0.006311111110830618,0.06573333333041186,0.027066666665463705,0.14497777777133433,0.15297777777097876,0.26706666665479706,0.06751111110811062,0.07764444444099358,0.00924444444403358,0.053111111108750615,0.003955555555379753,4.444444444246913e-05,0.07093333333018075,0.028933333332047406
0,0.047511111108999506,0.032533333331887404,0.01697777777702321,0.023333333332296296,0.023022222221199012,0.04217777777590321,0.0606222222195279,0.1072888888841205,0.12946666666091258,0.12493333332778074,0.06235555555278419,0.0449333333313363,0.026755555554366418,0.030533333331976296,0.0246222222211279,0.016666666665925926,0.06915555555248197,0.11711111110590618
0,0.014666666666014815,0.029733333332011853,0.008666666666281481,0.016311111110386172,0.014088888888262716,0.06097777777506765,0.04657777777570765,0.11408888888381827,0.13444444443846915,0.18368888888072493,0.06462222221935013,0.06355555555273086,0.02608888888772938,0.04453333333135407,0.01955555555468642,0.00511111111088395,0.08728888888500938,0.06599999999706667
0,0.04119999999816889,0.040844444442629135,0.015288888888209383,0.02262222222121679,0.023377777776738766,0.035066666665108145,0.05306666666430815,0.10422222221759012,0.14208888888257382,0.11968888888356938,0.05911111110848395,0.0437777777758321,0.03337777777629432,0.033511111109621725,0.028666666665392592,0.015866666665961482,0.07128888888572049,0.1169333333281363
0,0.05146666666437926,0.03084444444307358,0.020222222221323458,0.03151111110971062,0.03337777777629432,0.057822222219652344,0.06071111110841284,0.07164444444126025,0.0714222222190479,0.09742222221789235,0.06253333333055407,0.061244444441722466,0.04186666666480592,0.037733333331656294,0.0246222222211279,0.016622222221483456,0.09768888888454716,0.13124444443861136
0,0.07182222221903012,0.04013333333154963,0.0246222222211279,0.03431111110958617,0.025822222221074567,0.03777777777609877,0.04813333333119407,0.08355555555184198,0.09902222221782123,0.08386666666293925,0.046844444442362465,0.03759999999832889,0.028577777776507655,0.03337777777629432,0.030444444443091356,0.027422222221003455,0.09137777777371654,0.15528888888198716
0,0.006888888888582716,0.017911111110315063,0.004266666666477037,0.009555555555130863,0.010088888888440494,0.04422222222025679,0.05119999999772444,0.14879999999338667,0.2457777777668543,0.21075555554618863,0.06519999999710221,0.04844444444229136,0.018311111110297283,0.028044444443198025,0.010088888888440494,0.003644444444282469,0.043911111109159504,0.03288888888742716
0,0.02613333333217185,0.029955555554224196,0.012533333332776297,0.02155555555459753,0.023999999998933333,0.04773333333121185,0.06488888888600494,0.12751111110544394,0.16524444443710024,0.13528888888287605,0.0649333333304474,0.04688888888680494,0.029466666665357036,0.02879999999872,0.020844444443518025,0.015022222221554568,0.05257777777544099,0.08662222221837235
0,0.08493333332955852,0.037733333331656294,0.02364444444339358,0.03235555555411753,0.025866666665517037,0.03497777777622321,0.04324444444252247,0.07453333333002074,0.08888888888493827,0.07782222221876346,0.04511111110910617,0.03759999999832889,0.03208888888746272,0.03728888888723161,0.034088888887373825,0.025511111109977284,0.0943111111069195,0.16999999999244444
0,0.06373333333050074,0.04217777777590321,0.022044444443464692,0.02826666666541037,0.02928888888758716,0.04186666666480592,0.05071111110885728,0.0846666666629037,0.1012444444399447,0.08546666666286815,0.0498222222200079,0.04333333333140741,0.03239999999856,0.03862222222050568,0.031199999998613333,0.022355555554561975,0.08564444444063803,0.1471555555490153
0,0.0528444444420958,0.04373333333138963,0.018355555554739753,0.024311111110030616,0.019866666665783704,0.045644444442415805,0.04559999999797333,0.08315555555185976,0.09595555555129086,0.11853333332806518,0.05146666666437926,0.043999999998044444,0.027466666665445925,0.03964444444268247,0.027422222221003455,0.022755555554544196,0.10675555555081086,0.1324888888830005
0,0.012222222221679012,0.025955555554401974,0.006799999999697778,0.013555555554953086,0.015599999999306667,0.04657777777570765,0.0627999999972089,0.13973333332712295,0.18755555554721975,0.17359999999228445,0.07244444444122469,0.05759999999744,0.023777777776720986,0.030088888887551603,0.014622222221572346,0.006311111110830618,0.05035555555331753,0.06039999999731555
0,0.05199999999768889,0.033599999998506665,0.02155555555459753,0.027777777776543208,0.027777777776543208,0.0414666666648237,0.05955555555290864,0.10653333332859852,0.11697777777257877,0.10582222221751901,0.05719999999745778,0.04039999999820444,0.028933333332047406,0.03191111110969284,0.030088888887551603,0.022355555554561975,0.06933333333025185,0.1267111111054795
1,0.06155555555281975,0.03679999999836445,0.02324444444341136,0.031555555554153084,0.02884444444316247,0.04355555555361975,0.050666666664414814,0.06937777777469432,0.07444444444113581,0.0924444444403358,0.04995555555333531,0.04275555555365531,0.03315555555408198,0.041999999998133336,0.032311111109675064,0.02146666666571259,0.11733333332811852,0.14853333332673185
1,0.0581777777751921,0.0443555555535842,0.020666666665748148,0.027333333332118518,0.02515555555443753,0.040933333331514075,0.05364444444206025,0.0852444444406558,0.10004444443999802,0.0943111111069195,0.05288888888653827,0.044888888886893824,0.03146666666526815,0.03559999999841778,0.031822222220807904,0.023999999998933333,0.0852444444406558,0.14422222221581235
1,0.0020888888887960495,0.007511111110777284,0.001955555555468642,0.004888888888671605,0.005999999999733333,0.04671111110903506,0.032711111109657284,0.13746666666055704,0.3561333333175052,0.25079999998885333,0.055555555553086416,0.032311111109675064,0.009333333332918518,0.0185777777769521,0.004355555555361975,0.0014222222221590122,0.01955555555468642,0.012622222221661235
1,0.004799999999786667,0.01648888888815605,0.002977777777645432,0.006977777777467655,0.005999999999733333,0.045866666664628145,0.03635555555393975,0.13742222221611455,0.2307111111008573,0.2403555555448731,0.05639999999749333,0.042799999998097776,0.01444444444380247,0.03248888888744494,0.009688888888458272,0.0037777777776098766,0.08204444444079802,0.03039999999864889
1,0.07604444444106469,0.0384444444427358,0.02564444444330469,0.03168888888748049,0.02928888888758716,0.03737777777611654,0.050088888886662714,0.0851111111073284,0.09271111110699061,0.08079999999640888,0.04764444444232691,0.03479999999845333,0.03146666666526815,0.033288888887409385,0.03079999999863111,0.02884444444316247,0.0852444444406558,0.16071111110396838
1,0.06617777777483654,0.03639999999838222,0.02511111110999506,0.03079999999863111,0.031155555554170863,0.04315555555363753,0.054666666664237036,0.08279999999632,0.09271111110699061,0.08742222221833679,0.05479999999756444,0.041822222220363456,0.035244444442878026,0.03577777777618765,0.029644444443126913,0.024799999998897777,0.08186666666302815,0.14564444443797137
1,0.019777777776898764,0.028622222220950122,0.010133333332882962,0.016311111110386172,0.014533333332687408,0.04715555555345975,0.045955555553513085,0.13239999999411556,0.1690666666591526,0.18911111110270618,0.06484444444156247,0.05346666666429037,0.022399999999004445,0.03568888888730271,0.01648888888815605,0.011911111110581728,0.059466666664023705,0.06266666666388149
1,0.06111111110839506,0.03666666666503704,0.020844444443518025,0.030533333331976296,0.02884444444316247,0.04031111110931951,0.05208888888657383,0.08457777777401876,0.09328888888474271,0.09675555555125531,0.052533333330998515,0.043199999998079996,0.03191111110969284,0.037733333331656294,0.030577777776418767,0.02466666666557037,0.09466666666245926,0.1396888888826805
1,0.05639999999749333,0.041244444442611355,0.020755555554633084,0.029111111109817282,0.02515555555443753,0.038977777776045434,0.056355555553050864,0.09195555555146864,0.11737777777256099,0.09946666666224592,0.053022222219865675,0.03706666666501926,0.029688888887569383,0.03079999999863111,0.030488888887533826,0.026355555554384198,0.08262222221855012,0.13315555554963754
1,0.05711111110857284,0.033599999998506665,0.024799999998897777,0.0293777777764721,0.030933333331958517,0.04071111110930173,0.058399999997404445,0.09884444444005136,0.11346666666162371,0.09826666666229926,0.053022222219865675,0.04053333333153185,0.03159999999859556,0.03177777777636543,0.029066666665374816,0.024044444443375803,0.07426666666336593,0.1301777777719921
1,0.038488888887178274,0.039777777776009875,0.0138222222216079,0.022755555554544196,0.018888888888049384,0.04591111110907062,0.05364444444206025,0.10333333332874074,0.11968888888356938,0.13053333332753184,0.06079999999729778,0.05039999999776,0.029599999998684443,0.035644444442860246,0.026044444443286914,0.01657777777704099,0.08008888888532938,0.11399999999493333
1,0.006044444444175802,0.018399999999182223,0.006133333333060741,0.012044444443909135,0.011999999999466666,0.03617777777616987,0.0479555555534242,0.14693333332680297,0.2811111110986173,0.20817777776852542,0.06479999999712,0.043599999998062224,0.018177777776969876,0.019733333332456297,0.009422222221803457,0.004533333333131852,0.03284444444298469,0.03191111110969284
1,0.030933333331958517,0.030444444443091356,0.016311111110386172,0.024977777776667653,0.024355555554473086,0.04311111110919506,0.059288888886253825,0.12679999999436445,0.1702222222146568,0.12906666666093036,0.059866666664005926,0.04382222222027457,0.02977777777645432,0.03026666666532148,0.02324444444341136,0.016711111110368396,0.052799999997653335,0.08799999999608889
1,0.02208888888790716,0.028533333332065185,0.014088888888262716,0.020888888887960495,0.020355555554650864,0.04782222222009679,0.061733333330589626,0.12488888888333827,0.16986666665911704,0.1572444444374558,0.0672444444414558,0.044399999998026664,0.029199999998702222,0.02831111110985284,0.021288888887942715,0.018177777776969876,0.05484444444200691,0.06902222221915456
1,0.005333333333096296,0.01702222222146568,0.004888888888671605,0.00924444444403358,0.009866666666228149,0.04373333333138963,0.048399999997848886,0.15017777777110322,0.2537333333220563,0.21942222221247012,0.06319999999719111,0.048488888886733826,0.019377777776916544,0.026888888887693828,0.009022222221821235,0.004444444444246913,0.038311111109408394,0.028444444443180245
1,0.056355555553050864,0.03955555555379753,0.023288888887853826,0.030622222220861233,0.029155555554259752,0.04364444444250469,0.053199999997635555,0.08506666666288593,0.10146666666215703,0.09719999999567999,0.05275555555321086,0.04284444444254024,0.03226666666523259,0.0354222222206479,0.0293777777764721,0.024399999998915557,0.08377777777405432,0.13959999999379555
1,0.008355555555184198,0.021288888887942715,0.006799999999697778,0.012888888888316049,0.013022222221643457,0.0437777777758321,0.04804444444230913,0.13377777777183208,0.22759999998988445,0.2111111111017284,0.06635555555260642,0.05235555555322864,0.01902222222137679,0.028933333332047406,0.0102222222217679,0.005466666666423704,0.05062222221997235,0.040355555553761975
1,0.005911111110848395,0.01693333333258074,0.005022222221999012,0.010666666666192592,0.009555555555130863,0.033111111109639504,0.04275555555365531,0.1515111111043773,0.28813333332052743,0.21435555554602864,0.05706666666413037,0.035644444442860246,0.017911111110315063,0.020711111110190618,0.010088888888440494,0.004444444444246913,0.04013333333154963,0.036044444442842466
1,0.010933333332847408,0.020355555554650864,0.00822222222185679,0.014311111110475061,0.015555555554864197,0.04275555555365531,0.05915555555292642,0.13804444443830913,0.20253333332433185,0.2155555555459753,0.07488888888556049,0.048888888886716046,0.024266666665588146,0.02422222222114568,0.013155555554970864,0.006133333333060741,0.03511111110955062,0.04591111110907062
1,0.009555555555130863,0.018666666665837037,0.006266666666388148,0.011955555555024198,0.012177777777236543,0.03728888888723161,0.048666666664503706,0.1268444444388069,0.21968888887912494,0.20831111110185282,0.06137777777504987,0.04786666666453926,0.020311111110208394,0.026844444443251358,0.012399999999448888,0.004666666666459259,0.08639999999615999,0.04071111110930173
1,0.0872444444405669,0.0443555555535842,0.028711111109835062,0.03382222222071901,0.027777777776543208,0.03497777777622321,0.04431111110914173,0.06115555555283753,0.06773333333032296,0.06359999999717333,0.04471111110912395,0.03951111110935506,0.033111111109639504,0.03835555555385086,0.03479999999845333,0.030622222220861233,0.10204444443990913,0.1831555555474153
